0005 001 Orthopadedic 09 30 15 30 03/07/2017 12 1
0005 001 Orthopadedic 09 30 15 30 03/07/2017 12 2
0010 001 Orthopadedic 09 30 15 30 03/07/2017 12 3
0010 001 Orthopadedic 09 30 15 30 03/07/2017 12 4
0010 001 Orthopadedic 09 30 15 30 03/07/2017 12 5
0010 001 Orthopadedic 09 30 15 30 03/07/2017 12 6
0005 001 Orthopadedic 09 30 15 30 03/07/2017 12 7
0005 001 Orthopadedic 09 30 15 30 03/07/2017 12 8
0005 001 Orthopadedic 09 30 15 30 03/07/2017 12 9
0005 001 Orthopadedic 09 30 15 30 03/07/2017 12 10
0005 001 Orthopadedic 09 30 15 30 03/07/2017 12 11
0005 001 Orthopadedic 09 30 15 30 03/07/2017 12 12
0005 0001 Orthopadedic 10 20 12 40 21/08/2017 4 1
0005 0001 Orthopadedic 10 20 12 40 21/08/2017 4 1
0005 0001 Orthopadedic 10 20 12 40 21/08/2017 4 1
0005 0001 Orthopadedic 10 20 12 40 21/08/2017 4 1
0005 0001 Orthopadedic 10 20 12 40 21/08/2017 4 1
0005 0001 Orthopadedic 10 20 12 40 21/08/2017 4 1
0005 0001 Orthopadedic 10 20 12 40 21/08/2017 4 1
0005 0001 Orthopadedic 10 20 12 40 21/08/2017 4 1
0005 0001 Orthopadedic 10 20 12 40 21/08/2017 4 1
0005 0001 Orthopadedic 10 20 12 40 21/08/2017 4 1
0005 0001 Orthopadedic 10 20 12 40 21/08/2017 4 2
0005 0001 Orthopadedic 10 20 12 40 21/08/2017 4 3
0005 0001 Orthopadedic 10 20 12 40 21/08/2017 4 4
0005 0001 Orthopadedic 10 20 12 40 21/08/2017 4 null
0010 0001 Orthopadedic 10 50 10 55 22/06/2017 null 1
0007 0015 Neurology 12 00 15 00 24/06/2017 6 1
0009 0014 Cardiology 10 30 12 30 23/06/2017 4 1
0007 0015 Neurology 12 00 15 00 24/06/2017 6 2
0007 0015 Neurology 12 00 15 00 24/06/2017 6 3
0007 0015 Neurology 12 00 15 00 24/06/2017 6 4
0007 0015 Neurology 12 00 15 00 24/06/2017 6 5
0007 0015 Neurology 12 00 15 00 24/06/2017 6 6
0007 0015 Neurology 12 00 15 00 24/06/2017 6 null
0007 0015 Neurology 12 00 15 00 24/06/2017 6 null
0003 0018 GastroMedicine 14 00 16 00 22/06/2017 4 1
0002 0016 PaediatricMedicine 10 00 12 00 22/06/2017 4 1
0003 0020 GastroMedicine 17 00 19 00 22/06/2017 4 1
0003 0020 GastroMedicine 17 00 19 00 22/06/2017 4 2
0002 0016 PaediatricMedicine 10 00 12 00 22/06/2017 4 3
0003 0020 GastroMedicine 17 00 19 00 22/06/2017 4 3
0003 0020 GastroMedicine 17 00 19 00 22/06/2017 4 4
0009 0014 Cardiology 10 30 12 30 23/06/2017 4 2
